s 0 1 0 0.8 10 10 10 1 0 0.5 0 0 4 1 1
s 1.7 1 -0.6 1 0 50 200 1 0 0.5 0 0 4 1 1
s -1.7 1 0.6 1 90 230 0 1 0 0.5 0 0 4 1 1
s 0 -50 0 50 255 225 255 1 0 0 0 0 4 0 0

l 5 1 3 255 255 255 1
l 5 1 0 255 255 255 1
l 5 1 -3 255 255 255 1

l 3 3 -5 255 255 255 1
l 1 2 -5 255 255 255 1
l 2 6 -4 255 255 255 1

l -5 1 3 255 255 255 1
l -5 1 0 255 255 255 1
l -5 1 -3 255 255 255 1

l 5 10 0 255 255 255 1
l 0 10 0 255 255 255 1
l -5 10 0 255 255 255 1

l 2 -1 -5 255 255 255 1
l -2 -1 -5 255 255 255 1

l 5 -1 0 255 255 255 1
l -5 -1 0 255 255 255 1

c 600 400 5 0 1 0 0 3 -12 0 1 0 1 5
a 40 50 10 0 3
n 0 0 0 0 0 0 0 0 0 0 0
