s 0 1 0 0.8 10 10 10 1 1 1 0 0 4
s 1.7 1 -0.6 1 0 50 200 1 1 1 0 0 4
s -1.7 1 2.6 1 90 230 0 1 0 1 0 0 4
s 0 -50 0 50 255 225 255 1 1 1 0 0 4
t 3 5 230 60 0 1 1 1 0 0 4 -0 -0 -0 -0 -0 -0 -0
0 1 -2
3 2 3
2 3 0
-2 3 0
-3 2 3
0 1 2
0 2 3
0 3 4

l 5 1 0 255 255 255
l 5 1 -3 255 255 255

l -5 1 -3 255 255 255

l 2 14 1 255 255 255
l -2 14 -1 255 255 255

l 2 -1 -5 255 255 255
l -2 -1 -5 255 255 255

l 4 0 5 255 255 255
l -4 0 5 255 255 255

c 600 400 5 0 1 0 0 3 -12 0 1 0 1 7 15
a 255 255 255 0 6
n 0 0 0 0 0 0 0 0 0 0 0
